444444444444444444444444444444
444444444444444444444444444444
444444444444444444444444444444
444444444444444444444444444444
444444444444444444444444444444
444444444444444444444444444444
444444444444444444444444444444
444444444444444444444444444444
444444444444400000000444444444
444444444440000000000044444444
444444444000000000000000444444
444020760000000000000000000000
444444440000000000000000444444
444444444000000000000044444444
444444444400000000000444444444
444444444440000000004444444444
444444444444000000044444444444
444444444444444444444444444444
444444444444444444444444444444
444444444444444444444444444444
444444444444444444444444444444